0010014071
0010005741
0010017471
0010009924
0010015749
0010015485
0010015843
0010012096
0010001379
0010001316
0010017833
0010015467
0010017026
0010012983
0010014717
0010003603
0010003998
0010015571
0010016024
0010013061
0010017556
0010017588
0010010323
0001001873
0001009328
0010019200
0010001456
0010012616
0010018597
0010018300
0010017127
0010017440
0010016782
0010020047
0010019594
0010017001
0010018417
0010019062
0010018686
0010018731
0010020070
0010016992
0010019386
0010020069
0010015627
0010018665
0010001377
0010008190
0010012551
0010009316
0010015287
0010017125